NER predictions:[0 1 1 0 0 0 3 0 0 1 5 0 1 0 0 0 3 0 3 0 3 3 0 0 0 0 1 0 0 5 0 1 0 0 1 0 0
 5 1 1 5 0 1 0 0 0 0 0 0 3 0 0 1 0 0 1 1 1 0 0 1 1 1 5 0 0 1 0 1 1 5 5 1 1
 0 5 1 5 0 1 0 0 0 1 1 0 0 1 1 5 0 1 1 0 0 5 0 1 0 5 0 0 1 0 0 1 1 5 0 0 1
 0 0 3 1 0 0 1 1 0 0 1 5 5 4 0 0 0 3 0 3 0 3 3 4 0 1 1 0 0 1 4 0 0 0 0 0 0
 0 0 0 0 0 0 0 0 0 0 1 0 0 3 3 0 4 0 0 4 0 4 4 0 1 0 0 0 1 0 0 1 0 0 0 1 0
 0 0 0 0 0 0 0 0 0 0 0 0 0 0 0 0 0 0 0 0 0 0 0 0 0 0 1 0 0 0 1 0 0 0 0 0 0
 0 0 0 1 0 0 0 0 0 0 1 1 0 5 0 1 4 0 0 0 0 0 0 0 1 0 0 1 0 0 1 1 0 0 0 0 0
 1 0 0 0 0 0 0 0 0 0 0 0 0 1 1 0 0 0 0 0 0 5 0 0 0 0 0 0 0 0 1 1 0 0 1 1 0
 0 0 1 0 0 0 0 5 1 0 0 0 0 0 5 5 0 1 0 0 0 0 0 0 0 0 0 0 4 0 0 0 0 0 4 4 0
 0 0 0 0 0 1 0 0 0 1 0 0 0 0 0 0 0 0 0 0 0 0 1 0 0 0 0 5 1 0 0 1 0 0 0 0 1
 1 0 1 1 1 1 0 0 0 0 1 0 0 1 0 0 1 1 1 0 4 3 0 4 0 0 0 0 0 1 0 0 0 1 0 0 0
 0 0 3 3 4 0 0 0 0 0 0 0 4 0 0 0 0 0 0 0 0 0 0 0 0 0 0 0 0 0 0 0 0 0 0 0 0
 4 4 0 1 1 0 0 0 0 4 0 0 1 0 1 1 1 0 0 1 0 0 0 0 0 0 4 0 0 0 0 0 0 0 0 0 0
 0 0 0 4 0 0 0 0 0 5 0 1 0 0 1 0 0 0 0 0 1 0 0 1 0 0 0 0 0 0 0][0 1 0 0 0 0 0 0 0 0 0 0 0 0 0 0 0 0 0 0 0 0 0 0 0 0 0 0 0 0 0 0 0 1 0 0 0
 1 0 0 0 0 0 0 0 0 0 1 0 0 0 0 0 0 0 0 1 0 0 0 0 1 0 5 0 5 1 0 5 0 0 5 0 0
 0 1 0 0 5 0 0 1 1 0 0 0 0 0 5 0 0 0 5 1 0 1 0 0 1 0 0 0 5 0 1 5 0 1 0 0 5
 1 5 0 0 1 5 0 0 1 1 0 0 0 0 0 0 0 0 0 1 5 0 0 0 0 0 0 0 0 0 0 0 1 0 0 0 0
 0 0 0 0 1 5 0 0 5 0 1 1 0 0 5 0 0 0 0 0 0 0 5 0 0 0 4 0 0 4 0 0 1 0 0 0 0
 0 0 1 0 0 0 0 0 0 5 0 5 1 0 0 0 0 0 0 0 0 0 0 0 5 0 1 1 0 0 0 0 0 1 0 0 0
 0 0 0 0 1 0 0 0 0 0 1 5 0 0 0 0 0 1 0 0 1 1 5 0 5 0 0 1 0 0 1 5 0 1 0 0 0
 1 0 1 0 0 0 5 0 1 0 0 0 0 0 1 1 0 5 5 0 1 1 1 0 0 0 0 0 0 1 2 0 1 0 0 1 0
 0 0 0 0 0 0 0 5 0 1 0 0 0 5 5 0 0 0 1 2 0 0 0 0 0 0 0 0 0 0 0 1 0 0 0 5 0
 5 0 0 4 0 0 1 0 5 5 0 5 0 1 0 0 1 5 0 0 1 0 0 0 0 0 1 5 5 1 0 5 0 0 0 1 5
 0 0 1 0 0 0 5 0 1 0 0 0 0 0 0 1 0 0 0 5 0 1 0 0 0 0 0 0 0 0 0 0 0 0 3 0 0
 1 0 0 0 0 0 0 0 0 0 0 0 0 0 0 0 0 0 0 0 0 0 0 0 0 0 0 0 0 0 0 0 0 0 0 0 0
 0 0 0 0 0 0 3 0 0 0 3 0 0 0 0 1 1 1 0 0 0 0 0 0 0 0 0 0 0 0 0 0 0 1 0 0 0
 0 0 0 0 0 0 0 0 0 0 0 0 0 0 0 0 0 0 0 1 0 0 0 0 0 0 0 0 0 0 0]Input ids:[[101, 3573, 16838, 2323, 3573, 1996, 2592, 2005, 2169, 2482, 1999, 1996, 3916, 1010, 2107, 2004, 5127, 1010, 2944, 1010, 3679, 3976, 1010, 4385, 1012, 2043, 6304, 2215, 2000, 9278, 1037, 2482, 1010, 1996, 2291, 2442, 2265, 2800, 2482, 2636, 1999, 1996, 3916, 1998, 2022, 19616, 2429, 2000, 2037, 7597, 1012, 1996, 2291, 7201, 1996, 12524, 2482, 2636, 2043, 1996, 3573, 3353, 2711, 8039, 1996, 3141, 6462, 1012, 3573, 3353, 17193, 2005, 2800, 3765, 1010, 12040, 9278, 2075, 1037, 2482, 1010, 1998, 7137, 12635, 4311, 1012, 1996, 3573, 3353, 14409, 1996, 12635, 2862, 2043, 2002, 28206, 1037, 2482, 2030, 3138, 2067, 1037, 2482, 1012, 1996, 2364, 2436, 10255, 2058, 20041, 14444, 2349, 2000, 2397, 25470, 1012, 1996, 3573, 3353, 2636, 1996, 8013, 1005, 1055, 2592, 1010, 2107, 2004, 2171, 1010, 11988, 1010, 4769, 5127, 1997, 1996, 12524, 2482, 1010, 1998, 26707, 3408, 1012, 102, 0, 0, 0, 0, 0, 0, 0, 0, 0, 0, 0, 0, 0, 0, 0, 0, 0, 0, 0, 0, 0, 0, 0, 0, 0, 0, 0, 0, 0, 0, 0, 0, 0, 0, 0, 0, 0, 0, 0, 0, 0, 0, 0, 0, 0, 0, 0, 0, 0, 0, 0, 0, 0, 0, 0, 0, 0, 0, 0, 0, 0, 0, 0, 0, 0, 0, 0, 0, 0, 0, 0, 0, 0, 0, 0, 0, 0, 0, 0, 0, 0, 0, 0, 0, 0, 0, 0, 0, 0, 0, 0, 0, 0, 0, 0, 0, 0, 0, 0, 0, 0, 0, 0, 0, 0, 0, 0, 0, 0, 0, 0, 0, 0, 0, 0, 0, 0, 0, 0, 0, 0, 0, 0, 0, 0, 0, 0, 0, 0, 0, 0, 0, 0, 0, 0, 0, 0, 0, 0, 0, 0, 0, 0, 0, 0, 0, 0, 0, 0, 0, 0, 0, 0, 0, 0, 0, 0, 0, 0, 0, 0, 0, 0, 0, 0, 0, 0, 0, 0, 0, 0, 0, 0, 0, 0, 0, 0, 0, 0, 0, 0, 0, 0, 0, 0, 0, 0, 0, 0, 0, 0, 0, 0, 0, 0, 0, 0, 0, 0, 0, 0, 0, 0, 0, 0, 0, 0, 0, 0, 0, 0, 0, 0, 0, 0, 0, 0, 0, 0, 0, 0, 0, 0, 0, 0, 0, 0, 0, 0, 0, 0, 0, 0, 0, 0, 0, 0, 0, 0, 0, 0, 0, 0, 0, 0, 0, 0, 0, 0, 0, 0, 0, 0, 0, 0, 0, 0, 0, 0, 0, 0, 0, 0, 0, 0, 0, 0, 0, 0, 0, 0, 0, 0, 0, 0, 0, 0, 0, 0, 0, 0, 0, 0, 0, 0, 0, 0, 0, 0, 0, 0, 0, 0, 0, 0, 0, 0, 0, 0, 0, 0, 0, 0, 0, 0, 0, 0, 0, 0, 0, 0, 0, 0, 0, 0, 0, 0, 0, 0, 0, 0, 0, 0, 0, 0, 0, 0, 0, 0, 0, 0, 0, 0, 0, 0, 0, 0, 0, 0, 0, 0, 0, 0, 0, 0, 0, 0, 0, 0, 0, 0, 0, 0, 0, 0, 0, 0, 0, 0, 0, 0, 0, 0, 0, 0, 0, 0, 0], [101, 8645, 1011, 8957, 2208, 1010, 20980, 2118, 1999, 2023, 2208, 1010, 2045, 2097, 2022, 1037, 3671, 6579, 7659, 17968, 1997, 2055, 2702, 11048, 2000, 2265, 1996, 2927, 1997, 2023, 2208, 1012, 1996, 2447, 2097, 2491, 1996, 2839, 2007, 3937, 7711, 9675, 2012, 1996, 2927, 1997, 1996, 2208, 2030, 2029, 2097, 25215, 2099, 2105, 2006, 1996, 3898, 1517, 10468, 2074, 2176, 7711, 1006, 5376, 1010, 2693, 2830, 1010, 2693, 8848, 1010, 9457, 1007, 1012, 1996, 8957, 2097, 2022, 2770, 1999, 1996, 2830, 3257, 1012, 2002, 7711, 2043, 2000, 5376, 1998, 2043, 2000, 2693, 2830, 2030, 8848, 1012, 1005, 5376, 1005, 4506, 2000, 11898, 1996, 12114, 2006, 1996, 2598, 1998, 1996, 4064, 7258, 2081, 2011, 1996, 9767, 3333, 2011, 1996, 25516, 2015, 1012, 1005, 2693, 2830, 1005, 4506, 2000, 2292, 1996, 8957, 2693, 2830, 7887, 1998, 2025, 2991, 2125, 1996, 3341, 1997, 1996, 2187, 3898, 1012, 1005, 2693, 11043, 1005, 4506, 2292, 1996, 8957, 2693, 8848, 2000, 11898, 1996, 14932, 9767, 2008, 2453, 2991, 2157, 1999, 12792, 1997, 2068, 1012, 2044, 2770, 2005, 1037, 3056, 3292, 2030, 2445, 2051, 1010, 1996, 2504, 2097, 2022, 5985, 1010, 1998, 1996, 8957, 2097, 2693, 2006, 2000, 1996, 2117, 4403, 2000, 5252, 13507, 2185, 2030, 2811, 1996, 2969, 1011, 4078, 18300, 6462, 1010, 2029, 20735, 1996, 4099, 2918, 2012, 1996, 2203, 1997, 2169, 2504, 1012, 2044, 1996, 2034, 3371, 1010, 1996, 2208, 4152, 2062, 6387, 1010, 2007, 9767, 24057, 2091, 2006, 2256, 3532, 2210, 8957, 1998, 2116, 11240, 2015, 27957, 2000, 2644, 2256, 2210, 5394, 1012, 2043, 3011, 8267, 1037, 5081, 2008, 1037, 3518, 5701, 1997, 12114, 2003, 2055, 2000, 4888, 2019, 2886, 1010, 2009, 10255, 1037, 2235, 8645, 8957, 2000, 4638, 3031, 1996, 7541, 4099, 2918, 2041, 1997, 2116, 2000, 4638, 2037, 5195, 9849, 1998, 12929, 1012, 1996, 8957, 1005, 1055, 2364, 7863, 2003, 2000, 2424, 1998, 20578, 1996, 2291, 2008, 2064, 1005, 4487, 19150, 1005, 1996, 1005, 5195, 5134, 1010, 1005, 2029, 2064, 2022, 2179, 2012, 1996, 2203, 1997, 2169, 2504, 2008, 2064, 2022, 12754, 2044, 2183, 1037, 3056, 3292, 1012, 2256, 2390, 2064, 3328, 2083, 1998, 4154, 1996, 2918, 2065, 1996, 8957, 21645, 1999, 2049, 3260, 1012, 2021, 1010, 2043, 1996, 8957, 1005, 1055, 3104, 4152, 10676, 1010, 1996, 2878, 2390, 29515, 2256, 2210, 8957, 2000, 2644, 2032, 2013, 2010, 3260, 1012, 2061, 1010, 2097, 2256, 2210, 5394, 2022, 2583, 2000, 3828, 2256, 4774, 1029, 2070, 1997, 1996, 3697, 2685, 2008, 2064, 13368, 2024, 1024, 1996, 25645, 3446, 2005, 6716, 2097, 2202, 1037, 2843, 1997, 2147, 2000, 2491, 1012, 2031, 2000, 2191, 2009, 1037, 2978, 2062, 6387, 1010, 2029, 2453, 2191, 2009, 2205, 2524, 2000, 2377, 1010, 1998, 2065, 2081, 2205, 3733, 1010, 2009, 2097, 2022, 2205, 11771, 1012, 2009, 2323, 2022, 3292, 1011, 2241, 2030, 2051, 1011, 2241, 1012, 1996, 7659, 17968, 2015, 2097, 2022, 2524, 2000, 2019, 21499, 1012, 2009, 7883, 2006, 1996, 2236, 6907, 1997, 10866, 7190, 1012, 2061, 1010, 6603, 2129, 2092, 2009, 2064, 3853, 1012, 102, 0, 0, 0, 0, 0, 0, 0, 0, 0, 0, 0, 0, 0, 0, 0, 0, 0, 0, 0, 0, 0, 0, 0]]NER predictions:[0 0 1 2 5 1 5 0 1 0 0 1 0 0 5 0 5 0 0 1 0 0 0 0 1 0 0 5 0 0 1 5 0 1 0 0 5
 0 0 1 5 0 1 5 5 3 0 3 4 0 3 4 0 0 3 0 0 1 0 0 3 0 0 1 5 0 1 0 0 1 0 0 3 0
 1 2 2 0 0 7 5 0 1 0 0 1 0 5 1 0 1 2 0 1 2 0 0 1 2 0 0 0 0 0 0 0 0 0 0 1 0
 0 5 0 0 0 0 0 0 0 0 1 0 0 0 0 0 0 0 0 0 0 0 0 0 0 0 1 2 0 0 5 0 0 1 0 0 1
 0 1 2 0 0 1 1 0 0 1 0 0 0 0 5 0 0 1 4 0 0 0 1 0 0 5 0 0 0 0 2 0 0 0 1 0 0
 0 0 0 0 1 0 0 0 1 0 1 0 4 0 0 0 4 0 0 0 4 4 3 3 0 3 1 0 0 2 0 0 0 0 0 0 0
 0 1 0 1 5 0 0 0 0 4 0 0 4 0 0 4 0 3 0 0 4 0 0 4 4 0 4 4 4 3 3 0 0 0 0 3 0
 0 1 0 0 1 0 0 0 0 0 0 0 0 3 0 4 0 3 4 0 4 2 0 0 1 0 0 0 1 0 0 0 1 1 1 1 1
 0 1 2 0 0 0 1 2 0 0 0 0 2 0 0 0 0 0 0 0 0 0 1 2 0 0 0 2 0 0 1 2 0 0 0 0 0
 0 0 0 0 0 4 4 4 3 4 0 0 0 1 0 0 0 1 0 0 0 0 0 0 0 0 4 4 0 0 0 4 0 0 1 0 0
 0 0 1 0 0 0 0 0 1 0 0 0 0 0 0 0 1 2 0 0 0 0 0 0 0 0 0 0 1 0 1 0 0 0 0 2 0
 1 0 0 0 0 0 1 2 0 0 1 0 5 0 0 0 0 0 1 0 1 2 0 0 2 0 0 1 2 0 0 0 0 2 0 0 0
 0 0 1 2 0 0 1 2 0 5 5 0 5 0 0 0 0 0 0 0 2 1 0 0 0 0 0 0 0 0 1 1 5 3 4 0 4
 0 4 0 0 4 4 0 5 0 0 1 0 0 2 0 1 0 0 0 0 0 1 0 0 2 5 4 4 0 4 4][0 0 0 0 0 1 2 5 0 0 0 1 1 0 0 1 2 0 0 5 6 0 1 2 0 0 1 2 0 0 5 6 0 1 2 0 0
 7 0 0 0 3 2 0 1 2 4 2 0 1 2 0 3 0 3 0 3 0 0 3 4 0 0 1 2 0 0 0 3 0 5 1 6 6
 0 3 0 1 0 1 0 1 0 0 1 0 0 0 1 5 0 1 0 0 1 5 0 5 1 0 0 0 0 1 5 0 1 0 0 1 5
 0 5 0 1 0 0 0 1 1 0 0 1 0 5 0 1 6 0 1 0 0 0 7 0 0 0 1 5 1 0 0 7 0 0 3 0 3
 0 0 0 1 5 0 1 0 0 7 0 0 3 0 3 0 0 0 0 0 0 0 0 0 0 0 0 0 0 0 0 0 0 0 1 2 0
 0 0 0 1 0 0 1 0 0 0 0 0 0 4 4 4 0 0 0 0 0 0 1 0 0 0 0 0 0 4 0 0 0 0 0 0 0
 0 0 0 4 0 0 0 4 0 0 0 0 0 0 0 0 0 0 0 0 0 0 0 0 0 0 1 3 3 0 3 0 3 3 3 0 0
 0 0 0 0 1 2 0 3 0 0 0 0 0 0 0 0 0 0 0 0 0 0 1 0 0 0 1 1 0 5 0 1 0 0 0 1 0
 0 0 2 2 2 0 0 0 0 0 0 0 0 1 0 0 0 0 1 1 0 0 5 0 0 0 0 0 0 1 0 0 0 0 0 0 0
 0 0 1 1 0 0 1 1 0 0 0 0 0 0 1 0 0 0 0 1 0 0 0 0 0 0 0 0 0 0 0 0 1 2 0 0 1
 0 1 0 0 2 0 0 1 0 0 0 1 0 1 0 5 0 0 1 0 0 0 1 0 0 0 0 1 0 0 1 0 0 0 0 0 0
 0 0 1 2 0 0 0 0 1 1 1 5 0 1 0 0 0 0 1 0 5 0 1 1 0 0 1 0 0 3 0 4 0 0 0 0 0
 0 1 1 0 1 0 0 0 1 1 1 0 0 0 0 0 1 0 0 0 1 0 0 1 1 0 0 1 0 0 4 0 4 0 0 0 0
 0 0 1 0 0 0 0 0 0 0 4 0 4 0 0 0 5 5 0 1 0 0 4 0 0 0 0 4 4 0 0]Input ids:[[101, 1037, 5371, 2291, 3397, 2592, 2013, 3674, 5491, 1012, 1996, 6254, 2064, 2022, 2794, 1998, 3718, 2013, 1996, 5371, 1010, 1998, 2035, 1996, 5491, 2064, 2022, 3205, 1012, 2169, 6254, 3594, 2019, 3559, 7218, 2005, 4325, 1012, 1037, 6254, 3397, 1996, 6254, 1005, 1055, 2171, 1010, 4325, 3058, 1010, 3166, 2592, 1010, 1998, 2946, 1012, 1996, 5310, 16463, 1996, 8775, 1997, 1996, 3559, 2000, 1996, 5491, 1012, 2169, 3559, 2038, 1037, 2171, 1998, 5371, 2968, 4708, 1012, 1996, 2291, 2038, 2093, 10195, 2008, 3499, 2017, 2000, 6133, 5491, 1024, 3793, 3559, 1010, 3746, 3559, 1010, 1998, 2678, 3559, 1012, 102, 0, 0, 0, 0, 0, 0, 0, 0, 0, 0, 0, 0, 0, 0, 0, 0, 0, 0, 0, 0, 0, 0, 0, 0, 0, 0, 0, 0, 0, 0, 0, 0, 0, 0, 0, 0, 0, 0, 0, 0, 0, 0, 0, 0, 0, 0, 0, 0, 0, 0, 0, 0, 0, 0, 0, 0, 0, 0, 0, 0, 0, 0, 0, 0, 0, 0, 0, 0, 0, 0, 0, 0, 0, 0, 0, 0, 0, 0, 0, 0, 0, 0, 0, 0, 0, 0, 0, 0, 0, 0, 0, 0, 0, 0, 0, 0, 0, 0, 0, 0, 0, 0, 0, 0, 0, 0, 0, 0, 0, 0, 0, 0, 0, 0, 0, 0, 0, 0, 0, 0, 0, 0, 0, 0, 0, 0, 0, 0, 0, 0, 0, 0, 0, 0, 0, 0, 0, 0, 0, 0, 0, 0, 0, 0, 0, 0, 0, 0, 0, 0, 0, 0, 0, 0, 0, 0, 0, 0, 0, 0, 0, 0, 0, 0, 0, 0, 0, 0, 0, 0, 0, 0, 0, 0, 0, 0, 0, 0, 0, 0, 0, 0, 0, 0, 0, 0, 0, 0, 0, 0, 0, 0, 0, 0, 0, 0, 0, 0, 0, 0, 0, 0, 0, 0, 0, 0, 0, 0, 0, 0, 0, 0, 0, 0, 0, 0, 0, 0, 0, 0, 0, 0, 0, 0, 0, 0, 0, 0, 0, 0, 0, 0, 0, 0, 0, 0, 0, 0, 0, 0, 0, 0, 0, 0, 0, 0, 0, 0, 0, 0, 0, 0, 0, 0, 0, 0, 0, 0, 0, 0, 0, 0, 0, 0, 0, 0, 0, 0, 0, 0, 0, 0, 0, 0, 0, 0, 0, 0, 0, 0, 0, 0, 0, 0, 0, 0, 0, 0, 0, 0, 0, 0, 0, 0, 0, 0, 0, 0, 0, 0, 0, 0, 0, 0, 0, 0, 0, 0, 0, 0, 0, 0, 0, 0, 0, 0, 0, 0, 0, 0, 0, 0, 0, 0, 0, 0, 0, 0, 0, 0, 0, 0, 0, 0, 0, 0, 0, 0, 0, 0, 0, 0, 0, 0, 0, 0, 0, 0, 0, 0, 0, 0, 0, 0, 0, 0, 0, 0, 0, 0, 0, 0, 0, 0, 0, 0, 0, 0, 0, 0, 0, 0, 0, 0, 0, 0, 0, 0, 0, 0, 0, 0, 0, 0, 0, 0, 0, 0, 0, 0, 0, 0, 0, 0, 0, 0, 0, 0, 0, 0, 0, 0, 0, 0, 0, 0, 0, 0, 0, 0, 0], [101, 10722, 10623, 4904, 7630, 2374, 2136, 2038, 2062, 2084, 2028, 2374, 2447, 1012, 1037, 4715, 2447, 2064, 2022, 4015, 2000, 1996, 2374, 2136, 1012, 1037, 2374, 2447, 2064, 2022, 2853, 2000, 2178, 2374, 2136, 1012, 1996, 2291, 2064, 4685, 1996, 2034, 5408, 1998, 8622, 2136, 10328, 3136, 1012, 2374, 2867, 2031, 2136, 1010, 2171, 1010, 2287, 1010, 1998, 2193, 2592, 1012, 2169, 2374, 2447, 2038, 1037, 2367, 4611, 1998, 3248, 2374, 2429, 2000, 2037, 2597, 1012, 4460, 2024, 2830, 1010, 23071, 1010, 1998, 3639, 1012, 2045, 2024, 26049, 1999, 1996, 2830, 1010, 1998, 2027, 2377, 2000, 3556, 3289, 1012, 2045, 2003, 1037, 9653, 1999, 1996, 3639, 1010, 1998, 2002, 3248, 2000, 3154, 1996, 3608, 1012, 2045, 2024, 8850, 2015, 1999, 1996, 23071, 1010, 20083, 1996, 3608, 2105, 1996, 6510, 1012, 2006, 1996, 2291, 1010, 2043, 1996, 11854, 7644, 3289, 1010, 1996, 2291, 17472, 2010, 2193, 1998, 2171, 1012, 2043, 1996, 9653, 13169, 1996, 3125, 1010, 1996, 2291, 17472, 2010, 2193, 1998, 2171, 1012, 102, 0, 0, 0, 0, 0, 0, 0, 0, 0, 0, 0, 0, 0, 0, 0, 0, 0, 0, 0, 0, 0, 0, 0, 0, 0, 0, 0, 0, 0, 0, 0, 0, 0, 0, 0, 0, 0, 0, 0, 0, 0, 0, 0, 0, 0, 0, 0, 0, 0, 0, 0, 0, 0, 0, 0, 0, 0, 0, 0, 0, 0, 0, 0, 0, 0, 0, 0, 0, 0, 0, 0, 0, 0, 0, 0, 0, 0, 0, 0, 0, 0, 0, 0, 0, 0, 0, 0, 0, 0, 0, 0, 0, 0, 0, 0, 0, 0, 0, 0, 0, 0, 0, 0, 0, 0, 0, 0, 0, 0, 0, 0, 0, 0, 0, 0, 0, 0, 0, 0, 0, 0, 0, 0, 0, 0, 0, 0, 0, 0, 0, 0, 0, 0, 0, 0, 0, 0, 0, 0, 0, 0, 0, 0, 0, 0, 0, 0, 0, 0, 0, 0, 0, 0, 0, 0, 0, 0, 0, 0, 0, 0, 0, 0, 0, 0, 0, 0, 0, 0, 0, 0, 0, 0, 0, 0, 0, 0, 0, 0, 0, 0, 0, 0, 0, 0, 0, 0, 0, 0, 0, 0, 0, 0, 0, 0, 0, 0, 0, 0, 0, 0, 0, 0, 0, 0, 0, 0, 0, 0, 0, 0, 0, 0, 0, 0, 0, 0, 0, 0, 0, 0, 0, 0, 0, 0, 0, 0, 0, 0, 0, 0, 0, 0, 0, 0, 0, 0, 0, 0, 0, 0, 0, 0, 0, 0, 0, 0, 0, 0, 0, 0, 0, 0, 0, 0, 0, 0, 0, 0, 0, 0, 0, 0, 0, 0, 0, 0, 0, 0, 0, 0, 0, 0, 0, 0, 0, 0, 0, 0, 0, 0, 0, 0, 0, 0, 0, 0, 0, 0, 0, 0, 0, 0, 0, 0, 0, 0, 0, 0, 0, 0, 0, 0, 0, 0, 0, 0, 0, 0, 0, 0, 0, 0, 0, 0, 0, 0, 0, 0, 0, 0, 0, 0, 0, 0, 0, 0, 0, 0, 0, 0, 0, 0, 0, 0, 0, 0, 0, 0, 0, 0, 0, 0, 0, 0, 0, 0]]NER predictions:[0 0 0 0 0 0 0 0 0 0 0 0 1 2 0 0 0 0 0 1 2 0 0 0 0 0 1 0 0 1 2 0 0 1 0 0 1
 4 4 3 0 0 1 4 4 4 0 0 3 4 0 0 3 4 0 0 4 4 0 1 0 0 1 0 0 0 1 0 1 0 1 3 3 0
 3 0 3 0 0 3 4 0 0 1 5 0 3 0 3 0 3 0 0 3 0 1 5 0 5 0 1 0 0 0 0 0 0 0 0 0 1
 0 0 0 0 0 1 4 4 0 0 3 1 4 0 1 4 0 0 0 1 0 5 0 5 1 0 0 3 0 0 3 0 1 5 5 0 1
 0 5 0 1 0 5 3 4 0 5 4 0 0 0 4 0 0 0 0 0 0 0 0 0 0 0 0 2 0 0 0 0 0 0 0 0 0
 0 0 0 4 4 0 0 0 0 0 0 0 0 0 0 0 0 0 0 0 0 0 0 0 0 0 5 0 0 0 0 0 0 0 0 0 0
 0 0 0 0 0 0 0 0 0 0 0 0 0 0 0 0 0 0 0 0 0 0 0 0 0 4 0 4 3 4 0 3 0 0 4 4 0
 3 4 0 0 0 0 0 0 0 0 0 0 0 0 0 0 0 0 0 3 4 4 4 3 3 0 0 0 0 5 0 0 0 3 4 4 3
 4 4 4 0 0 0 0 0 0 0 4 0 0 0 0 0 0 0 0 4 0 0 0 0 0 0 0 0 0 0 0 0 0 0 0 0 0
 0 0 0 0 0 0 0 0 0 0 0 0 0 0 0 0 0 0 0 3 0 0 0 0 0 0 0 0 0 0 0 0 0 0 0 0 1
 0 0 0 0 0 4 0 0 0 0 0 0 0 0 0 0 0 0 0 0 4 4 0 0 0 0 0 0 0 0 0 0 0 0 0 0 0
 4 0 0 0 0 0 5 0 0 0 0 0 0 0 0 0 0 0 0 0 0 0 0 4 0 0 0 0 0 0 0 4 0 0 0 0 0
 0 0 0 0 0 0 0 0 0 0 0 0 0 0 0 0 0 4 4 0 0 0 0 0 4 0 0 0 0 0 0 0 0 0 0 0 0
 0 0 0 3 0 0 0 0 0 0 5 0 0 0 5 0 0 0 3 0 0 0 0 0 0 0 0 0 0 0 0][0 0 0 0 0 0 0 0 0 8 0 0 0 0 0 0 0 0 0 0 0 0 8 0 0 0 0 0 8 0 0 0 0 0 0 0 5
 0 5 3 0 0 0 0 0 0 0 0 1 0 0 0 0 5 1 0 1 1 0 0 0 1 0 0 0 1 0 0 0 1 0 0 0 1
 0 5 6 0 0 1 0 5 0 0 1 0 1 1 5 6 0 1 0 0 0 0 1 0 0 5 0 5 0 0 0 3 0 0 1 0 0
 1 0 1 2 0 5 1 0 0 1 0 0 1 0 0 0 0 0 0 1 0 0 1 0 3 4 0 0 3 0 0 1 0 0 0 0 0
 1 0 0 0 0 1 0 0 0 0 0 1 0 0 0 0 0 1 0 0 0 0 6 6 0 1 0 1 0 0 0 6 0 0 0 0 0
 0 2 0 0 1 2 2 6 0 1 0 0 0 0 0 5 0 0 0 1 0 0 0 1 0 0 0 0 0 0 1 0 5 0 1 5 5
 1 2 0 5 1 0 1 1 5 0 1 4 0 1 1 5 0 0 1 5 0 0 0 0 0 0 5 0 5 6 0 1 0 0 1 0 0
 1 0 0 0 1 5 5 1 4 0 5 0 1 5 5 1 2 0 0 0 0 0 0 0 1 5 5 1 0 0 0 3 0 0 0 0 0
 0 0 0 0 0 1 1 5 0 0 1 0 0 0 0 0 3 4 0 0 1 0 0 3 5 0 0 1 0 0 0 0 0 1 0 0 0
 1 0 0 3 4 0 5 1 0 1 1 4 0 3 4 0 1 1 4 0 0 1 5 0 0 0 0 0 0 5 0 5 0 0 1 0 0
 1 0 0 1 0 0 0 1 5 5 1 4 0 0 0 1 5 5 3 4 0 0 0 0 0 0 0 1 0 0 3 0 0 0 3 0 0
 0 0 0 0 0 0 0 0 3 3 4 0 0 1 0 0 0 0 0 3 4 0 0 1 0 0 3 4 0 0 1 0 0 0 0 0 1
 0 0 0 0 5 0 0 0 0 0 0 0 0 0 0 0 0 0 0 0 0 0 0 0 0 1 0 0 5 0 0 0 0 0 4 0 0
 0 0 0 3 0 0 3 6 0 1 0 0 0 0 0 0 0 0 1 0 0 0 3 0 0 0 0 0 3 4 0]Input ids:[[101, 2045, 2003, 1037, 2342, 2005, 2019, 4646, 2008, 2097, 3443, 2019, 3834, 2565, 2000, 2022, 2109, 1999, 1996, 4007, 3330, 2533, 1012, 2045, 2024, 2116, 5352, 1999, 1996, 3834, 2565, 1012, 1037, 2607, 2038, 1996, 2607, 1005, 1055, 2171, 1010, 1996, 2607, 1005, 1055, 3642, 1010, 1996, 2707, 2051, 1010, 1996, 2203, 2051, 1010, 1996, 2420, 1997, 1996, 5352, 1010, 1996, 2465, 1010, 1998, 1996, 19922, 1012, 4127, 2031, 2465, 1045, 1040, 1010, 3977, 1010, 2723, 1010, 1998, 3796, 2592, 1012, 1996, 9450, 2038, 1037, 2171, 1010, 11988, 1010, 2516, 1010, 1998, 12233, 1012, 19922, 8835, 1998, 10779, 1996, 2493, 5834, 2006, 2037, 2569, 7368, 1012, 1999, 2804, 1010, 19922, 2064, 3623, 1998, 9885, 1996, 2607, 20563, 5787, 1998, 2689, 4882, 2607, 2847, 1998, 2607, 2420, 1012, 2036, 1010, 2027, 2064, 5587, 2030, 4530, 5352, 2013, 2037, 2862, 5834, 2006, 5270, 1012, 2493, 25612, 1999, 1996, 5352, 1010, 4530, 1996, 5352, 1010, 4374, 24051, 2015, 1010, 5227, 5491, 1010, 1998, 6204, 12265, 1012, 102, 0, 0, 0, 0, 0, 0, 0, 0, 0, 0, 0, 0, 0, 0, 0, 0, 0, 0, 0, 0, 0, 0, 0, 0, 0, 0, 0, 0, 0, 0, 0, 0, 0, 0, 0, 0, 0, 0, 0, 0, 0, 0, 0, 0, 0, 0, 0, 0, 0, 0, 0, 0, 0, 0, 0, 0, 0, 0, 0, 0, 0, 0, 0, 0, 0, 0, 0, 0, 0, 0, 0, 0, 0, 0, 0, 0, 0, 0, 0, 0, 0, 0, 0, 0, 0, 0, 0, 0, 0, 0, 0, 0, 0, 0, 0, 0, 0, 0, 0, 0, 0, 0, 0, 0, 0, 0, 0, 0, 0, 0, 0, 0, 0, 0, 0, 0, 0, 0, 0, 0, 0, 0, 0, 0, 0, 0, 0, 0, 0, 0, 0, 0, 0, 0, 0, 0, 0, 0, 0, 0, 0, 0, 0, 0, 0, 0, 0, 0, 0, 0, 0, 0, 0, 0, 0, 0, 0, 0, 0, 0, 0, 0, 0, 0, 0, 0, 0, 0, 0, 0, 0, 0, 0, 0, 0, 0, 0, 0, 0, 0, 0, 0, 0, 0, 0, 0, 0, 0, 0, 0, 0, 0, 0, 0, 0, 0, 0, 0, 0, 0, 0, 0, 0, 0, 0, 0, 0, 0, 0, 0, 0, 0, 0, 0, 0, 0, 0, 0, 0, 0, 0, 0, 0, 0, 0, 0, 0, 0, 0, 0, 0, 0, 0, 0, 0, 0, 0, 0, 0, 0, 0, 0, 0, 0, 0, 0, 0, 0, 0, 0, 0, 0, 0, 0, 0, 0, 0, 0, 0, 0, 0, 0, 0, 0, 0, 0, 0, 0, 0, 0, 0, 0, 0, 0, 0, 0, 0, 0, 0, 0, 0, 0, 0, 0, 0, 0, 0, 0, 0, 0, 0, 0, 0, 0, 0, 0, 0, 0, 0, 0, 0, 0, 0, 0, 0, 0, 0, 0, 0, 0, 0, 0, 0, 0, 0, 0, 0, 0, 0, 0, 0, 0, 0, 0, 0, 0, 0, 0, 0, 0, 0, 0, 0, 0, 0, 0, 0, 0, 0, 0, 0, 0, 0, 0, 0, 0, 0], [101, 20980, 2118, 2355, 1011, 2418, 1010, 2022, 4381, 10439, 3800, 2023, 6254, 22106, 1996, 8192, 1998, 7375, 1997, 1996, 2022, 4381, 10439, 1012, 9531, 1996, 2022, 4381, 10439, 2003, 3701, 2005, 2216, 2040, 2933, 2000, 4558, 2030, 5114, 3635, 1998, 5478, 1037, 3740, 5396, 1012, 9095, 1996, 4646, 2097, 2022, 2583, 2000, 2501, 11110, 1010, 23318, 2015, 1010, 1998, 1996, 8738, 2628, 1012, 1996, 10439, 2097, 2031, 1037, 8094, 9621, 2073, 1996, 5310, 2064, 11562, 2006, 1037, 3563, 2154, 2000, 2424, 2035, 1996, 2824, 1998, 8738, 2015, 5115, 2005, 1996, 2154, 1012, 2582, 1010, 1996, 3450, 2097, 2022, 17785, 1998, 2680, 2005, 1996, 2168, 3058, 1012, 1996, 4646, 2064, 6592, 6876, 1998, 8738, 2015, 1998, 6134, 2068, 2006, 1996, 8094, 1012, 1996, 10439, 2097, 2202, 1996, 20407, 2013, 1996, 5310, 1998, 6592, 6876, 1010, 8738, 2015, 1010, 1998, 20283, 2005, 1996, 5310, 1012, 1037, 7809, 1997, 1996, 6876, 1006, 2064, 2022, 2013, 7858, 1007, 2003, 2580, 1012, 1996, 6876, 2097, 2022, 17715, 2241, 2006, 5310, 20407, 1010, 2066, 2054, 2112, 1997, 1996, 2303, 1996, 5310, 2003, 3579, 6924, 2006, 1012, 2005, 1037, 2659, 1011, 2951, 5080, 2553, 1010, 7639, 25464, 2015, 2013, 1996, 2678, 2012, 3180, 14025, 2064, 2022, 17715, 2612, 1997, 1996, 6876, 1012, 2582, 1010, 8738, 2003, 2036, 3740, 6660, 1012, 1996, 4646, 2097, 2650, 1996, 5310, 1005, 1055, 2770, 4023, 1998, 10463, 2068, 2046, 10250, 18909, 11060, 1012, 2770, 3177, 1010, 10250, 18909, 11060, 1010, 1996, 2650, 2743, 1010, 4385, 1012, 1010, 2097, 2022, 17785, 1998, 2680, 2005, 1996, 2154, 1999, 1996, 8094, 1012, 1996, 10439, 2097, 2202, 1996, 5080, 1005, 1055, 14658, 3295, 1998, 2650, 1996, 5310, 1005, 1055, 2770, 4023, 1012, 2023, 2097, 2147, 2069, 2007, 1996, 5310, 1005, 1055, 4274, 1010, 1998, 1996, 3295, 2003, 1005, 2006, 1012, 1005, 2023, 7126, 1999, 20177, 1996, 10250, 18909, 11060, 2011, 1996, 5310, 1012, 2005, 17208, 1010, 1996, 2051, 2579, 2011, 1996, 5310, 1998, 1996, 3292, 6158, 2011, 1996, 5310, 2097, 2022, 2641, 1012, 1996, 4646, 2097, 2650, 1996, 5310, 1005, 1055, 2770, 4023, 1998, 10463, 2068, 2046, 10250, 18909, 11060, 1012, 2770, 3177, 1010, 10250, 18909, 11060, 1010, 1996, 2650, 2743, 1010, 4385, 1012, 1010, 2097, 2022, 17785, 1998, 2680, 2005, 1996, 2154, 1999, 1996, 8094, 1012, 1996, 10439, 2097, 2202, 1996, 5080, 1005, 1055, 14658, 3295, 1998, 2650, 1996, 5310, 1005, 1055, 2770, 4023, 1012, 2023, 2097, 2147, 2069, 2007, 1996, 5310, 1005, 1055, 4274, 1010, 1998, 1996, 3295, 2003, 1005, 2006, 1012, 1005, 2023, 7126, 1999, 20177, 1996, 10250, 18909, 11060, 2011, 1996, 5310, 1012, 2005, 17208, 1010, 1996, 2051, 2579, 2011, 1996, 5310, 1998, 1996, 3292, 6158, 2011, 1996, 5310, 2097, 2022, 2641, 1012, 1996, 4646, 2097, 2022, 2583, 2000, 2147, 2125, 4179, 1013, 1999, 2659, 1011, 2951, 5549, 1012, 2144, 2897, 11343, 2003, 2025, 2800, 1999, 2116, 16820, 1010, 1996, 10439, 2097, 2022, 2551, 2076, 2125, 4179, 1998, 2659, 2951, 5549, 1012, 2005, 1037, 2659, 2951, 5549, 1010, 4620, 2013, 1996, 6876, 2012, 3180, 14025, 2097, 2022, 3024, 2612, 1997, 6876, 1012, 2947, 1996, 2592, 2003, 21527, 2007, 2200, 2625, 2951, 8381, 102]]NER predictions:[0 1 8 8 0 1 8 0 0 0 0 0 1 8 0 0 0 0 0 0 0 0 0 0 0 0 0 0 0 0 0 0 1 0 0 0 1
 8 8 0 0 0 0 0 0 0 0 1 2 0 5 1 0 5 0 1 0 1 0 0 5 0 1 0 0 1 8 8 0 0 0 0 0 3
 0 6 2 2 2 0 0 0 5 1 0 5 1 0 0 7 0 0 1 0 0 1 0 1 0 1 1 0 1 2 0 0 1 0 1 2 0
 0 0 1 0 5 0 1 2 0 1 0 3 1 2 0 1 2 0 1 2 8 0 0 0 0 0 3 0 0 3 4 0 1 0 0 0 0
 0 7 0 0 1 4 0 3 4 0 0 1 5 0 1 0 0 1 5 0 1 2 5 0 1 0 0 0 1 5 0 0 7 0 0 1 4
 4 3 0 3 4 0 1 2 0 0 1 4 0 3 0 0 3 4 0 0 1 5 0 0 0 1 0 0 1 5 0 3 0 3 0 0 3
 4 0 0 1 5 0 0 0 1 0 0 1 0 1 0 1 0 0 1 0 1 5 0 0 0 1 0 1 0 0 1 0 1 1 0 0 1
 1 0 0 1 5 5 0 1 0 5 0 1 0 0 1 5 0 1 2 5 0 1 0 0 1 2 5 0 1 0 0 0 1 4 0 0 7
 0 1 0 1 2 0 0 0 5 1 2 0 0 0 1 5 5 3 4 0 0 0 0 0 2 2 0 3 4 0 2 0 0 2 0 0 0
 2 0 0 0 0 0 0 0 4 0 0 3 0 0 1 0 0 0 4 0 0 0 0 0 0 0 0 0 2 0 0 2 0 0 0 0 0
 0 0 0 0 0 0 0 0 0 2 2 0 2 0 0 0 0 0 1 0 0 4 0 0 0 0 0 0 0 0 0 0 2 2 0 2 0
 1 2 0 0 2 0 0 0 0 0 0 0 0 0 1 0 0 0 0 0 0 2 0 0 0 0 0 0 1 5 5 1 0 0 2 5 1
 2 4 0 0 2 0 0 0 0 0 0 4 4 0 0 0 0 0 0 0 0 0 4 0 0 4 0 0 1 0 0 0 1 0 0 1 0
 0 2 0 4 0 0 0 0 0 0 5 0 0 0 0 0 0 0 4 0 4 4 0 0 0 4 4 3 3 3 4][0 1 8 8 0 0 0 0 0 0 1 2 0 1 2 0 0 0 0 0 2 0 0 0 0 1 0 1 2 0 0 0 0 0 1 0 1
 0 0 0 3 4 0 0 0 7 0 0 0 0 0 1 5 5 1 2 0 0 1 5 0 1 0 0 0 1 0 0 0 0 0 0 1 5
 1 1 0 1 5 6 1 0 0 1 5 0 1 1 0 0 0 1 0 0 1 0 1 0 1 0 0 1 0 0 0 2 0 0 1 2 0
 0 0 0 1 0 3 0 3 4 3 0 0 1 4 4 0 0 1 5 0 0 0 1 0 0 1 0 0 0 0 0 0 1 0 1 0 1
 0 0 1 0 0 0 0 0 1 0 0 0 0 0 3 4 0 3 4 0 0 1 2 2 0 0 0 0 0 3 0 3 0 3 4 0 0
 3 4 0 0 1 0 0 0 0 3 0 1 0 0 0 1 2 0 1 2 1 2 0 0 2 1 2 5 1 0 1 2 2 0 1 2 5
 0 1 0 5 6 1 0 0 1 0 1 0 1 0 0 1 2 0 0 1 0 0 0 5 0 0 1 0 1 2 0 0 5 6 0 1 2
 0 0 0 0 0 0 0 0 0 0 1 2 0 0 1 4 0 1 0 1 5 0 1 5 0 0 0 0 1 0 1 2 5 0 0 0 0
 0 1 0 1 0 0 0 0 0 0 0 3 4 0 0 0 0 1 0 0 0 0 0 3 4 0 1 0 0 0 0 0 0 0 3 4 0
 1 0 0 0 0 0 0 0 0 0 0 5 0 0 0 1 4 0 0 0 0 1 0 0 0 4 0 0 0 4 0 0 1 0 0 2 0
 0 0 0 2 0 0 0 0 0 0 0 0 0 0 0 0 0 3 3 0 0 5 0 0 0 0 4 0 0 4 4 0 4 4 0 4 0
 0 0 1 0 0 0 0 0 0 0 0 0 0 0 0 0 1 2 0 0 0 0 0 0 0 0 0 0 0 0 0 0 4 0 4 4 0
 0 0 0 2 0 0 0 0 0 0 0 1 0 1 0 1 4 4 3 0 0 0 4 4 0 0 0 0 0 0 1 0 0 4 0 4 4
 0 2 0 0 1 0 0 0 0 0 0 0 0 4 4 0 0 0 4 0 0 0 0 0 0 0 0 0 0 0 0]Input ids:[[101, 4825, 2968, 2291, 3800, 4825, 2968, 3001, 2024, 1037, 2828, 1997, 4825, 2968, 4007, 3832, 2000, 6509, 2007, 1996, 8518, 3378, 2007, 1996, 2154, 1011, 2000, 1011, 2154, 2968, 1997, 1037, 4825, 1012, 9531, 1037, 4825, 2968, 2291, 2089, 2036, 2448, 2006, 2115, 13855, 1010, 2061, 3403, 3095, 2064, 2202, 4449, 1998, 9499, 1996, 3829, 1998, 4675, 2130, 2077, 2975, 1996, 2795, 1012, 5918, 4825, 2968, 3001, 2064, 2421, 1996, 2206, 1024, 2391, 1011, 1997, 1011, 5096, 2291, 1024, 2109, 2000, 7953, 4449, 1998, 2501, 10504, 1012, 1996, 2291, 19566, 2035, 11817, 1010, 2164, 5571, 1010, 10504, 1010, 11675, 2015, 1010, 19430, 9144, 1010, 1998, 11727, 1012, 7909, 6364, 1024, 2023, 4473, 2017, 2000, 5138, 2536, 7909, 7047, 2066, 4923, 2030, 2139, 16313, 5329, 1998, 4684, 10504, 1012, 4825, 12612, 2968, 1024, 2109, 2000, 8080, 2783, 4518, 1010, 1996, 3465, 1997, 1996, 5167, 1010, 1998, 2062, 1012, 1996, 2291, 3065, 1996, 2344, 4751, 1998, 2795, 2193, 2043, 1996, 5660, 20776, 1996, 2344, 1012, 1996, 15610, 1999, 1996, 2326, 2930, 4240, 1996, 8013, 1012, 2043, 1996, 15610, 4240, 1010, 1996, 2291, 3065, 1996, 15610, 1005, 1055, 2171, 1998, 2795, 2193, 1012, 7904, 19940, 1024, 4638, 7904, 5270, 1010, 12363, 1010, 1998, 2051, 2125, 1012, 1996, 4825, 2038, 2062, 2084, 2028, 7904, 1012, 2169, 7904, 2038, 1037, 2171, 1010, 2287, 1010, 1998, 5907, 2592, 1012, 1996, 4825, 2038, 2062, 2084, 2028, 2930, 1012, 2122, 5433, 2024, 3829, 1010, 2326, 1010, 1998, 5356, 1012, 5073, 2573, 2429, 2000, 2037, 5433, 1012, 5073, 2064, 2022, 26929, 1010, 15610, 2015, 1010, 1998, 5356, 10136, 1012, 1996, 5660, 12237, 1999, 1996, 3829, 1998, 20776, 1996, 4449, 1012, 1996, 15610, 1999, 1996, 2326, 2930, 4240, 1996, 8013, 1012, 1996, 5356, 3771, 20776, 1996, 4638, 2429, 2000, 1996, 2344, 4751, 1999, 1996, 2291, 1012, 26854, 1998, 9529, 2326, 1024, 2109, 2000, 6133, 7904, 26854, 1998, 8080, 1996, 4825, 1005, 1055, 5356, 4834, 1012, 102, 0, 0, 0, 0, 0, 0, 0, 0, 0, 0, 0, 0, 0, 0, 0, 0, 0, 0, 0, 0, 0, 0, 0, 0, 0, 0, 0, 0, 0, 0, 0, 0, 0, 0, 0, 0, 0, 0, 0, 0, 0, 0, 0, 0, 0, 0, 0, 0, 0, 0, 0, 0, 0, 0, 0, 0, 0, 0, 0, 0, 0, 0, 0, 0, 0, 0, 0, 0, 0, 0, 0, 0, 0, 0, 0, 0, 0, 0, 0, 0, 0, 0, 0, 0, 0, 0, 0, 0, 0, 0, 0, 0, 0, 0, 0, 0, 0, 0, 0, 0, 0, 0, 0, 0, 0, 0, 0, 0, 0, 0, 0, 0, 0, 0, 0, 0, 0, 0, 0, 0, 0, 0, 0, 0, 0, 0, 0, 0, 0, 0, 0, 0, 0, 0, 0, 0, 0, 0, 0, 0, 0, 0, 0, 0, 0, 0, 0, 0, 0, 0, 0, 0, 0, 0, 0, 0, 0, 0, 0, 0, 0, 0, 0, 0, 0, 0, 0, 0, 0, 0, 0, 0, 0, 0, 0, 0, 0, 0, 0, 0, 0, 0, 0, 0, 0, 0, 0, 0, 0, 0, 0, 0, 0, 0, 0], [101, 7904, 2968, 2291, 3800, 3143, 1996, 2640, 1997, 1996, 7904, 2465, 1998, 3208, 2465, 1010, 1998, 4339, 1037, 3231, 2465, 2000, 3988, 4697, 2070, 7904, 1998, 3208, 2592, 1998, 6434, 1996, 2592, 1997, 5126, 1998, 10489, 2040, 2031, 2584, 5075, 2287, 1012, 9531, 1996, 2291, 2003, 2881, 2000, 2265, 1037, 2194, 1521, 1055, 7904, 12571, 1012, 1996, 5126, 1997, 1037, 2194, 2024, 1999, 2536, 4460, 1012, 1999, 1037, 12571, 1010, 1996, 3208, 2038, 15144, 2015, 1025, 5126, 3189, 2000, 2068, 1012, 1996, 7904, 2038, 2053, 15144, 2015, 1012, 9095, 1037, 2194, 2038, 2048, 4395, 1024, 7904, 1998, 3208, 1012, 1996, 3208, 2003, 1037, 2569, 7904, 1012, 2169, 7904, 4874, 3397, 2592, 2055, 1996, 2533, 1010, 2171, 1010, 3058, 1997, 4182, 1010, 1998, 2591, 5427, 2193, 1012, 1037, 2194, 2038, 2062, 2084, 2028, 7904, 1012, 2122, 5126, 2024, 2443, 1999, 1996, 7236, 1997, 3667, 1010, 4341, 5051, 27469, 1010, 1998, 10489, 1012, 1999, 2804, 1010, 2096, 3667, 2031, 2592, 2107, 2004, 4882, 2551, 2847, 1998, 21462, 6165, 1010, 1996, 4341, 27576, 2015, 2031, 2592, 2107, 2004, 4964, 10300, 1010, 3815, 1997, 4341, 2081, 1010, 1998, 3222, 7017, 1012, 1996, 10489, 2069, 2131, 1037, 4964, 10300, 1012, 3667, 2024, 5459, 2004, 5670, 3667, 1998, 2512, 1011, 5670, 3667, 1012, 2125, 1011, 5670, 3667, 2031, 5353, 1998, 2880, 6209, 14245, 1012, 5670, 3667, 4374, 12882, 2015, 2005, 2551, 2006, 11938, 1012, 1996, 2194, 2038, 2537, 1010, 2491, 1010, 1998, 6959, 7640, 1012, 2169, 2533, 2038, 2000, 2022, 4758, 2011, 1037, 3208, 1012, 5670, 3667, 2064, 2069, 2147, 1999, 1996, 6959, 2533, 1012, 1999, 2804, 2000, 1996, 2682, 3937, 2592, 1010, 1996, 3208, 4874, 2036, 2038, 2597, 2592, 1012, 5126, 1998, 10489, 1999, 1996, 2194, 2031, 1996, 2206, 2048, 3937, 3136, 1024, 8021, 2009, 27852, 1996, 3937, 2592, 1997, 1996, 4874, 1012, 5075, 8663, 13181, 2140, 2009, 14148, 3251, 1996, 5075, 2287, 2003, 2584, 1012, 1996, 2194, 2358, 11514, 18969, 2008, 1996, 5075, 2287, 1997, 5126, 2003, 3438, 2086, 2214, 1010, 1998, 1996, 5075, 2287, 1997, 10489, 2003, 3515, 2086, 2214, 1012, 102, 0, 0, 0, 0, 0, 0, 0, 0, 0, 0, 0, 0, 0, 0, 0, 0, 0, 0, 0, 0, 0, 0, 0, 0, 0, 0, 0, 0, 0, 0, 0, 0, 0, 0, 0, 0, 0, 0, 0, 0, 0, 0, 0, 0, 0, 0, 0, 0, 0, 0, 0, 0, 0, 0, 0, 0, 0, 0, 0, 0, 0, 0, 0, 0, 0, 0, 0, 0, 0, 0, 0, 0, 0, 0, 0, 0, 0, 0, 0, 0, 0, 0, 0, 0, 0, 0, 0, 0, 0, 0, 0, 0, 0, 0, 0, 0, 0, 0, 0, 0, 0, 0, 0, 0, 0, 0, 0, 0, 0, 0, 0, 0, 0, 0, 0, 0, 0, 0, 0, 0, 0, 0, 0, 0, 0, 0, 0, 0, 0, 0, 0, 0, 0, 0, 0, 0, 0, 0, 0, 0, 0, 0, 0, 0, 0, 0, 0, 0, 0, 0, 0, 0, 0, 0, 0, 0, 0, 0, 0, 0, 0, 0, 0, 0, 0, 0, 0, 0, 0, 0, 0, 0]]